38 38 1.199429 1.199429
36 36 1.270431 1.270431
36 36 1.270431 1.270431
33 33 1.364550 1.364550
33 33 1.364550 1.364550
33 33 1.364550 1.364550
33 33 1.364550 1.364550
33 33 1.364550 1.364550
33 33 1.364550 1.364550
33 33 1.364550 1.364550
33 33 1.364550 1.364550
33 33 1.364550 1.364550
33 33 1.364550 1.364550
33 33 1.364550 1.364550
33 33 1.364550 1.364550
32 32 1.381235 1.381235
33 32 1.364550 1.381235
33 32 1.364550 1.381235
32 32 1.379012 1.381235
33 32 1.364550 1.381235
33 32 1.364550 1.381235
32 32 1.381235 1.381235
32 32 1.381235 1.381235
32 32 1.381235 1.381235
32 32 1.381235 1.381235
32 32 1.381235 1.381235
33 32 1.364550 1.381235
33 32 1.364550 1.381235
33 32 1.364550 1.381235
33 32 1.364550 1.381235
33 32 1.364550 1.381235
33 32 1.364550 1.381235
33 32 1.364550 1.381235
33 32 1.364550 1.381235
33 32 1.364550 1.381235
33 32 1.364550 1.381235
33 32 1.364550 1.381235
33 32 1.364550 1.381235
33 32 1.364550 1.381235
33 32 1.364550 1.381235
33 32 1.364550 1.381235
33 32 1.364550 1.381235
33 32 1.364550 1.381235
34 32 1.345589 1.381235
33 32 1.372954 1.381235
33 32 1.364550 1.381235
34 32 1.342951 1.381235
33 32 1.370974 1.381235
33 32 1.364550 1.381235
33 32 1.364550 1.381235
33 32 1.372954 1.381235
33 32 1.364550 1.381235
33 32 1.364550 1.381235
32 32 1.381235 1.381235
33 32 1.364550 1.381235
33 32 1.364550 1.381235
33 32 1.364550 1.381235
33 32 1.364550 1.381235
33 32 1.364550 1.381235
33 32 1.364550 1.381235
33 32 1.364550 1.381235
33 32 1.364550 1.381235
33 32 1.364550 1.381235
33 32 1.364550 1.381235
33 32 1.364550 1.381235
33 32 1.364550 1.381235
34 32 1.343931 1.381235
33 32 1.364550 1.381235
33 32 1.364550 1.381235
33 32 1.364550 1.381235
33 32 1.364550 1.381235
34 32 1.349757 1.381235
36 32 1.260259 1.381235
35 32 1.324195 1.381235
35 32 1.326089 1.381235
34 32 1.345536 1.381235
34 32 1.345281 1.381235
34 32 1.345281 1.381235
34 32 1.345887 1.381235
33 32 1.364550 1.381235
34 32 1.349068 1.381235
35 32 1.312356 1.381235
35 32 1.312356 1.381235
34 32 1.330285 1.381235
37 32 1.268090 1.381235
37 32 1.273947 1.381235
37 32 1.268090 1.381235
32 32 1.380652 1.381235
37 32 1.287984 1.381235
36 32 1.305515 1.381235
37 32 1.268090 1.381235
37 32 1.268090 1.381235
37 32 1.268090 1.381235
37 32 1.268090 1.381235
32 32 1.380652 1.381235
33 32 1.365582 1.381235
38 32 1.247127 1.381235
38 32 1.247127 1.381235
38 32 1.248835 1.381235
32 32 1.380652 1.381235
