78 78 0.825761 0.825761
39 39 1.202815 1.202815
52 39 0.954055 1.202815
78 39 0.826774 1.202815
74 39 0.833117 1.202815
61 39 0.867892 1.202815
62 39 0.865897 1.202815
71 39 0.839329 1.202815
46 39 1.057560 1.202815
39 39 1.213650 1.213650
44 39 1.092471 1.213650
39 39 1.198637 1.213650
48 39 1.010006 1.213650
39 39 1.058007 1.213650
54 39 0.900752 1.213650
36 36 1.279337 1.279337
36 36 1.279337 1.279337
36 36 1.279337 1.279337
36 36 1.279337 1.279337
36 36 1.279337 1.279337
36 36 1.279337 1.279337
36 36 1.279337 1.279337
36 36 1.279337 1.279337
36 36 1.279337 1.279337
36 36 1.279337 1.279337
36 36 1.279337 1.279337
36 36 1.279337 1.279337
36 36 1.279337 1.279337
36 36 1.279337 1.279337
36 36 1.279337 1.279337
38 36 1.224122 1.279337
37 36 1.233419 1.279337
38 36 1.219500 1.279337
36 36 1.284963 1.284963
36 36 1.284963 1.284963
36 36 1.284963 1.284963
36 36 1.284963 1.284963
36 36 1.284963 1.284963
36 36 1.284963 1.284963
36 36 1.284963 1.284963
36 36 1.284963 1.284963
36 36 1.284963 1.284963
37 36 1.265343 1.284963
36 36 1.284963 1.284963
36 36 1.284963 1.284963
36 36 1.284963 1.284963
36 36 1.284963 1.284963
36 36 1.284963 1.284963
36 36 1.284963 1.284963
36 36 1.284963 1.284963
36 36 1.284963 1.284963
36 36 1.284963 1.284963
36 36 1.284963 1.284963
36 36 1.284963 1.284963
36 36 1.284963 1.284963
36 36 1.284963 1.284963
36 36 1.284963 1.284963
36 36 1.284963 1.284963
36 36 1.284963 1.284963
35 35 1.308640 1.308640
36 35 1.284963 1.308640
37 35 1.264158 1.308640
37 35 1.264158 1.308640
35 35 1.308640 1.308640
36 35 1.285793 1.308640
37 35 1.259344 1.308640
37 35 1.259344 1.308640
35 35 1.315581 1.315581
35 35 1.315581 1.315581
35 35 1.315581 1.315581
36 35 1.279544 1.315581
34 34 1.331241 1.331241
35 34 1.308640 1.331241
36 34 1.279544 1.331241
36 34 1.279544 1.331241
34 34 1.331241 1.331241
34 34 1.331241 1.331241
35 34 1.308640 1.331241
34 34 1.331241 1.331241
34 34 1.331241 1.331241
37 34 1.255717 1.331241
37 34 1.255717 1.331241
37 34 1.255717 1.331241
34 34 1.320986 1.331241
36 34 1.282236 1.331241
38 34 1.240756 1.331241
38 34 1.240756 1.331241
35 34 1.316474 1.331241
35 34 1.295760 1.331241
35 34 1.295760 1.331241
35 34 1.295760 1.331241
37 34 1.268192 1.331241
36 34 1.280224 1.331241
37 34 1.243433 1.331241
35 34 1.308143 1.331241
35 34 1.305954 1.331241
37 34 1.259772 1.331241
37 34 1.257741 1.331241
38 34 1.252187 1.331241
39 34 1.209634 1.331241
